estimates.measurement[1] = 0.0909993748361883
mean(estimates.per_fold[1]) = 0.08694638703901673
